$**********************************************************
$      NASTRAN DECK EXPORTED FROM M3D
$      VERSION 6.3
$      www.M3dFea.com
$      DATE 25:2:2024
$      TIME 11:16:40
$**********************************************************
SOL 101
CEND
$******************* CASE CONTROL *************************
$
TITLE = THERMAL
ECHO = NONE
SUBCASE 1
    TITLE = t
    LOAD = 1
    SPC  = 1
    TEMP = 10
    DISPLACEMENT(PRINT, PLOT) = ALL
    FORCE(PRINT, PLOT) = ALL
    STRESS(PRINT, PLOT, CENTER) = ALL
    OLOAD(PRINT) = ALL
BEGIN BULK
PARAM,POST,-1
$******************** MATERIALS ***************************
$Al Material
MAT1           1   7.+10            0.33   2750.   2.3-5     0.0     0.0
$******************* PROPERTIES ***************************
$Bar Property
PBAR           1       17.8539-54.908-104.908-109.817-10     0.0
             0.0     0.0     0.0     0.0     0.0     0.0     0.0     0.0
             0.0     0.0     0.0
$BAR Beam Property
PBARL          2       1 MSCBML0     BAR        
            0.03    0.05     0.0
$***************COORDINATE SYSTEMS*************************
$********************NODES*********************************
GRID           1       0     0.0     0.0     0.0       0
GRID           2       0      1.     0.0     0.0       0
GRID           3       0     0.0      1.     0.0       0
GRID           4       0      1.      1.     0.0       0
GRID           5       0     0.0     0.2     0.0       0
GRID           6       0     0.0     0.4     0.0       0
GRID           7       0     0.0     0.6     0.0       0
GRID           8       0     0.0     0.8     0.0       0
GRID           9       0      1.     0.2     0.0       0
GRID          10       0      1.     0.4     0.0       0
GRID          11       0      1.     0.6     0.0       0
GRID          12       0      1.     0.8     0.0       0
GRID          13       0     0.2      1.     0.0       0
GRID          14       0     0.4      1.     0.0       0
GRID          15       0     0.6      1.     0.0       0
GRID          16       0     0.8      1.     0.0       0
$*******************ELEMENTS******************************
CBAR           1       2       1       5     -1.     0.0     0.0
                             0.0     0.0     0.0     0.0     0.0     0.0
CBAR           2       2       5       6     -1.     0.0     0.0
                             0.0     0.0     0.0     0.0     0.0     0.0
CBAR           3       2       6       7     -1.     0.0     0.0
                             0.0     0.0     0.0     0.0     0.0     0.0
CBAR           4       2       7       8     -1.     0.0     0.0
                             0.0     0.0     0.0     0.0     0.0     0.0
CBAR           5       2       8       3     -1.     0.0     0.0
                             0.0     0.0     0.0     0.0     0.0     0.0
CBAR           6       2       3      13     0.0      1.     0.0
                             0.0     0.0     0.5     0.0     0.0     0.5
CBAR           7       2      13      14     0.0      1.     0.0
                             0.0     0.0     0.5     0.0     0.0     0.5
CBAR           8       2      14      15     0.0      1.     0.0
                             0.0     0.0     0.5     0.0     0.0     0.5
CBAR           9       2      15      16     0.0      1.     0.0
                             0.0     0.0     0.5     0.0     0.0     0.5
CBAR          10       2      16       4     0.0      1.     0.0
                      56     0.0     0.0     0.5     0.0     0.0     0.5
CBAR          11       2       4      12      1.     0.0     0.0
                             0.0     0.0     0.0     0.0     0.0     0.0
CBAR          12       2      12      11      1.     0.0     0.0
                             0.0     0.0     0.0     0.0     0.0     0.0
CBAR          13       2      11      10      1.     0.0     0.0
                             0.0     0.0     0.0     0.0     0.0     0.0
CBAR          14       2      10       9      1.     0.0     0.0
                             0.0     0.0     0.0     0.0     0.0     0.0
CBAR          15       2       9       2      1.     0.0     0.0
                             0.0     0.0     0.0     0.0     0.0     0.0
$********************LOADING*******************************
$LS1
$********************RESTRAINTS*******************************
$BC1
SPC            1       1  123456     0.0
SPC            1       2  123456     0.0
TEMPD,10,100.0
ENDDATA
